# $Revision: 20953 $
# File crc32 crc32(crlf) size size(crlf)  or  R File
modules/jpegtran/AdminJpegtran.inc	101003648	1993295648	6914	7168
modules/jpegtran/classes/JpegtranToolkit.class	426354520	4288826521	6797	7066
modules/jpegtran/classes/JpegtranToolkitHelper.class	2197314133	1213134947	7098	7360
modules/jpegtran/data/test.jpg	3585624450	3585624450	763	763
modules/jpegtran/module.inc	2654980354	1257328803	7848	8165
modules/jpegtran/po/GNUmakefile	1866879166	2808215985	98	103
modules/jpegtran/po/af.mo	1067756804	1067756804	1569	1569
modules/jpegtran/po/af.po	2338762535	2599565735	4122	4280
modules/jpegtran/po/ar.mo	2690948784	2690948784	708	708
modules/jpegtran/po/ar.po	2170330203	885838564	3818	3974
modules/jpegtran/po/bg.mo	3129356825	3129356825	1232	1232
modules/jpegtran/po/bg.po	1848747265	2914122654	4231	4393
modules/jpegtran/po/ca.mo	1616882675	1616882675	1587	1587
modules/jpegtran/po/ca.po	166018228	2945599201	4229	4388
modules/jpegtran/po/cs.mo	1129870738	1129870738	1615	1615
modules/jpegtran/po/cs.po	1585249309	2879339108	4155	4313
modules/jpegtran/po/da.mo	2319173493	2319173493	4553	4553
modules/jpegtran/po/da.po	1468288934	2183298255	5613	5785
modules/jpegtran/po/de.mo	3349440750	3349440750	4688	4688
modules/jpegtran/po/de.po	2841572180	3254164144	5931	6110
modules/jpegtran/po/el.mo	538611594	538611594	2801	2801
modules/jpegtran/po/el.po	2830539661	1313664242	5391	5558
modules/jpegtran/po/en_GB.mo	1364452460	1364452460	637	637
modules/jpegtran/po/en_GB.po	3130170448	3755184704	5313	5479
modules/jpegtran/po/es.mo	4027007864	4027007864	4740	4740
modules/jpegtran/po/es.po	3784262281	1487868121	5777	5949
modules/jpegtran/po/es_AR.mo	1327031522	1327031522	744	744
modules/jpegtran/po/es_AR.po	558784565	3879545811	5575	5747
modules/jpegtran/po/es_MX.mo	2696416471	2696416471	656	656
modules/jpegtran/po/es_MX.po	1038646963	107241713	5698	5872
modules/jpegtran/po/et.mo	1963408116	1963408116	1185	1185
modules/jpegtran/po/et.po	905456055	2928108324	3927	4082
modules/jpegtran/po/eu.mo	585384825	585384825	1566	1566
modules/jpegtran/po/eu.po	1567316055	2971243783	4137	4295
modules/jpegtran/po/fi.mo	2375538001	2375538001	1575	1575
modules/jpegtran/po/fi.po	3463999961	17816417	4239	4400
modules/jpegtran/po/fr.mo	4271604200	4271604200	4843	4843
modules/jpegtran/po/fr.po	3341852455	873359073	5767	5938
modules/jpegtran/po/ga.mo	4182281063	4182281063	1060	1060
modules/jpegtran/po/ga.po	1374723194	1281418590	4775	4960
modules/jpegtran/po/he.mo	1489714928	1489714928	1438	1438
modules/jpegtran/po/he.po	614069127	3807330313	4126	4284
modules/jpegtran/po/hu.mo	2451364107	2451364107	1299	1299
modules/jpegtran/po/hu.po	1775519603	366301253	4150	4309
modules/jpegtran/po/it.mo	1468802021	1468802021	4758	4758
modules/jpegtran/po/it.po	2715188214	1190290766	5734	5907
modules/jpegtran/po/ja.mo	1859925087	1859925087	5212	5212
modules/jpegtran/po/ja.po	3347538454	3731200044	6234	6404
modules/jpegtran/po/ko.mo	3383434763	3383434763	1343	1343
modules/jpegtran/po/ko.po	807857196	97675712	4040	4199
modules/jpegtran/po/lt.mo	2419352014	2419352014	1506	1506
modules/jpegtran/po/lt.po	637228467	409158274	4305	4466
modules/jpegtran/po/lv.mo	3745978730	3745978730	1715	1715
modules/jpegtran/po/lv.po	1965112396	2024483534	4260	4419
modules/jpegtran/po/nl.mo	1749358636	1749358636	1524	1524
modules/jpegtran/po/nl.po	2015546357	4170628336	4263	4423
modules/jpegtran/po/no.mo	4273502361	4273502361	1540	1540
modules/jpegtran/po/no.po	3950475173	3905781360	4180	4338
modules/jpegtran/po/pl.mo	264391110	264391110	4922	4922
modules/jpegtran/po/pl.po	3409501016	4248698108	5863	6036
modules/jpegtran/po/pt.mo	2569979946	2569979946	1158	1158
modules/jpegtran/po/pt.po	3367853069	3236225645	4182	4348
modules/jpegtran/po/pt_BR.mo	2053927064	2053927064	1396	1396
modules/jpegtran/po/pt_BR.po	1808466637	109421752	4098	4254
modules/jpegtran/po/ro.mo	1237748220	1237748220	1398	1398
modules/jpegtran/po/ro.po	2392616002	535686260	4091	4251
modules/jpegtran/po/ru.mo	4129384828	4129384828	5872	5872
modules/jpegtran/po/ru.po	1595326046	2227904703	6926	7101
modules/jpegtran/po/sk.mo	3120674717	3120674717	4857	4857
modules/jpegtran/po/sk.po	801565507	372867094	5897	6072
modules/jpegtran/po/sl.mo	3810124329	3810124329	710	710
modules/jpegtran/po/sl.po	1065128232	1130731778	3935	4096
modules/jpegtran/po/sr.mo	3905457826	3905457826	4705	4705
modules/jpegtran/po/sr.po	3042614883	4128781005	5623	5792
modules/jpegtran/po/strings.raw	4228383295	1604996819	2137	2180
modules/jpegtran/po/sv.mo	3769898572	3769898572	4717	4717
modules/jpegtran/po/sv.po	3838200495	1288739289	5982	6163
modules/jpegtran/po/tr.mo	1861389972	1861389972	4486	4486
modules/jpegtran/po/tr.po	4078149905	3409619686	5552	5724
modules/jpegtran/po/uk.mo	625063822	625063822	902	902
modules/jpegtran/po/uk.po	1338201	2790245135	4140	4300
modules/jpegtran/po/vi.mo	1125502545	1125502545	1616	1616
modules/jpegtran/po/vi.po	3045481552	348807206	4141	4297
modules/jpegtran/po/zh_CN.mo	2104175270	2104175270	1475	1475
modules/jpegtran/po/zh_CN.po	541409206	551216386	4003	4159
modules/jpegtran/po/zh_TW.mo	1955327570	1955327570	1451	1451
modules/jpegtran/po/zh_TW.po	451318258	200475603	3967	4122
modules/jpegtran/templates/AdminJpegtran.tpl	873253927	2207479870	4888	5026
modules/jpegtran/test/phpunit/AdminJpegtranControllerTest.class	4133749848	2773014082	8751	9097
modules/jpegtran/test/phpunit/JpegtranToolkitTest.class	1201164297	3838712706	16651	17364
